,tweet_id,favorites,retweets
0,892420643555336193,33858,7023
1,892177421306343426,29360,5304
2,891815181378084864,22081,3487
3,891689557279858688,36981,7236
4,891327558926688256,35357,7773
5,891087950875897856,17832,2603
6,890971913173991426,10382,1671
7,890729181411237888,56907,15780
8,890609185150312448,24556,3628
9,890240255349198849,27989,6108
10,890006608113172480,27070,6157
11,889880896479866881,24600,4174
12,889665388333682689,42096,8359
13,889638837579907072,23711,3720
14,889531135344209921,13360,1885
15,889278841981685760,22151,4449
16,888917238123831296,25665,3769
17,888804989199671297,22494,3544
18,888554962724278272,17342,2882
19,888078434458587136,19169,2901
20,887705289381826560,26658,4542
21,887517139158093824,40777,9864
22,887473957103951883,60247,15052
23,887343217045368832,29616,8821
24,887101392804085760,26989,4998
25,886983233522544640,30425,6327
26,886736880519319552,10508,2635
27,886680336477933568,19764,3745
28,886366144734445568,18567,2634
29,886267009285017600,105,4
30,886258384151887873,24554,5298
31,886054160059072513,0,93
32,885984800019947520,28638,5622
33,885528943205470208,31629,5337
34,885518971528720385,18030,3113
35,885311592912609280,0,15458
36,885167619883638784,19278,3673
37,884925521741709313,67380,15048
38,884876753390489601,24419,4678
39,884562892145688576,21348,3918
40,884441805382717440,23888,4798
41,884247878851493888,63391,16941
42,884162670584377345,17963,2509
43,883838122936631299,19200,2867
44,883482846933004288,40255,8282
45,883360690899218434,19968,3086
46,883117836046086144,32551,5543
47,882992080364220416,21005,3250
48,882762694511734784,24832,4106
49,882627270321602560,24632,5074
50,882268110199369728,39234,9651
51,882045870035918850,25762,4091
52,881906580714921986,21463,2858
53,881666595344535552,44593,8970
54,881633300179243008,113,8
55,881536004380872706,43492,13424
56,881268444196462592,20504,4498
57,880935762899988482,15058,2337
58,880872448815771648,18728,3205
59,880465832366813184,25051,5222
60,880221127280381952,23692,3475
61,880095782870896641,24358,3660
62,879862464715927552,19727,2937
63,879674319642796034,282,9
64,879492040517615616,20721,2630
65,879415818425184262,92964,37500
66,879376492567855104,14876,2657
67,879130579576475649,0,5750
68,879050749262655488,19833,3961
69,879008229531029506,16804,2247
70,878776093423087618,17153,3443
71,878604707211726852,26465,5937
72,878404777348136964,0,1079
73,878316110768087041,0,5537
74,878281511006478336,6790,1079
75,878057613040115712,37179,5750
76,877736472329191424,69411,15845
77,877611172832227328,0,70
78,877556246731214848,19924,3174
79,877316821321428993,24186,4353
80,877201837425926144,23895,4640
81,876838120628539392,18239,2806
82,876537666061221889,21068,3978
83,876484053909872640,16585,2006
84,876120275196170240,24713,3911
85,875747767867523072,22136,3589
86,875144289856114688,19430,4161
87,875097192612077568,24266,5127
88,875021211251597312,22578,3980
89,874680097055178752,24633,3926
90,874434818259525634,0,12229
91,874296783580663808,22992,3488
92,874057562936811520,20143,3384
93,874012996292530176,30157,8602
94,873580283840344065,21412,3347
95,873337748698140672,0,1333
96,873213775632977920,6329,1333
97,872967104147763200,24112,4569
98,872820683541237760,13084,3171
99,872620804844003328,18350,3070
100,872486979161796608,36141,7729
101,872122724285648897,30264,6841
102,871879754684805121,33147,9260
103,871762521631449091,17905,2973
104,871515927908634625,17914,2948
105,871166179821445120,0,4901
106,871102520638267392,18571,4692
107,871032628920680449,20179,3233
108,870804317367881728,29841,5291
109,870726314365509632,105,3
110,870656317836468226,10902,2215
111,870374049280663552,74032,22780
112,870308999962521604,19502,3555
113,870063196459192321,32453,7086
114,869772420881756160,38074,8708
115,869702957897576449,25092,5393
116,869596645499047938,14232,2642
117,869227993411051520,18161,3203
118,868880397819494401,58056,12279
119,868639477480148993,0,1757
120,868622495443632128,23668,4485
121,868552278524837888,8983,1757
122,867900495410671616,21630,3580
123,867774946302451713,30286,6263
124,867421006826221569,14364,2119
125,867072653475098625,0,101
126,867051520902168576,28746,6797
127,866720684873056260,17897,4137
128,866686824827068416,17152,2975
129,866450705531457537,109016,30264
130,866334964761202691,46678,12229
131,866094527597207552,0,7176
132,865718153858494464,22961,4863
133,865359393868664832,23642,4300
134,865006731092295680,25071,6686
135,864873206498414592,28897,7505
136,864279568663928832,13090,2589
137,864197398364647424,26683,7600
138,863907417377173506,18468,3600
139,863553081350529029,13701,3642
140,863471782782697472,0,2093
141,863432100342583297,21343,4566
142,863427515083354112,1962,80
143,863079547188785154,7914,954
144,863062471531167744,7541,2093
145,862831371563274240,17235,4466
146,862722525377298433,15352,3093
147,862457590147678208,18304,4267
148,862096992088072192,66406,20043
149,861383897657036800,32336,9283
150,861288531465048066,15373,3596
151,861005113778896900,15020,3344
152,860981674716409858,0,1859
153,860924035999428608,0,679
154,860563773140209665,6738,1859
155,860524505164394496,21290,4612
156,860276583193509888,16609,3082
157,860184849394610176,15040,5132
158,860177593139703809,0,26804
159,859924526012018688,17663,3592
160,859851578198683649,13990,3074
161,859607811541651456,16859,1369
162,859196978902773760,80692,26340
163,859074603037188101,30495,11988
164,858860390427611136,0,7101
165,858843525470990336,14146,3032
166,858471635011153920,19523,4270
167,858107933456039936,14262,2542
168,857989990357356544,14515,2272
169,857746408056729600,30870,9370
170,857393404942143489,5316,1444
171,857263160327368704,18282,3992
172,857214891891077121,205,16
173,857062103051644929,0,148
174,857029823797047296,17080,3499
175,856543823941562368,14861,2555
176,856526610513747968,10846,1658
177,856288084350160898,488,15
178,856282028240666624,25288,5594
179,855862651834028034,303,21
180,855860136149123072,4424,853
181,855857698524602368,10873,1867
182,855851453814013952,41953,16160
183,855818117272018944,24318,4826
184,855459453768019968,27150,7321
185,855245323840757760,0,5278
186,855138241867124737,0,36
187,854732716440526848,20729,5371
188,854482394044301312,26637,6042
189,854365224396361728,17229,4166
190,854120357044912130,29284,6607
191,854010172552949760,14864,2804
192,853760880890318849,26136,5124
193,853639147608842240,31609,8904
194,853299958564483072,14197,3179
195,852936405516943360,0,1793
196,852912242202992640,8273,1604
197,852672615818899456,13675,1918
198,852553447878664193,14925,3128
199,852311364735569921,30411,8901
200,852226086759018497,18381,6109
201,852189679701164033,10591,1422
202,851591660324737024,14993,3137
203,851464819735769094,22307,6329
204,851224888060895234,19079,5184
205,850753642995093505,28213,8113
206,850380195714523136,12104,2336
207,850333567704068097,3200,301
208,850145622816686080,15080,3406
209,850019790995546112,18822,4391
210,849776966551130114,27974,6848
211,849668094696017920,0,4458
212,849412302885593088,14699,2841
213,849336543269576704,10585,1696
214,849051919805034497,39096,7657
215,848690551926992896,23320,3936
216,848324959059550208,22880,4174
217,848213670039564288,7552,649
218,848212111729840128,15067,2726
219,847978865427394560,0,2934
220,847971574464610304,0,397
221,847962785489326080,21779,4591
222,847842811428974592,5025,1194
223,847617282490613760,6478,376
224,847606175596138505,17388,3102
225,847251039262605312,19027,3929
226,847157206088847362,18406,5268
227,847116187444137987,19917,2889
228,846874817362120707,18667,3562
229,846514051647705089,41298,10423
230,846505985330044928,13101,2771
231,846153765933735936,29177,8201
232,846139713627017216,28881,9190
233,846042936437604353,14845,2598
234,845812042753855489,27100,7895
235,845677943972139009,23491,4397
236,845397057150107648,7103,1624
237,845306882940190720,21671,4875
238,845098359547420673,0,6959
239,844979544864018432,12704,2320
240,844973813909606400,13966,2865
241,844580511645339650,15326,2824
242,844223788422217728,12729,1994
243,843981021012017153,14159,2706
244,843856843873095681,20007,4179
245,843604394117681152,15748,2488
246,843235543001513987,20017,5435
247,842846295480000512,14251,3321
248,842765311967449089,6310,1178
249,842535590457499648,16962,3194
250,842163532590374912,22791,5278
251,842115215311396866,13066,2766
252,841833993020538882,0,13622
253,841680585030541313,24091,7177
254,841439858740625411,11778,3346
255,841320156043304961,18461,5038
256,841314665196081154,14783,4250
257,841077006473256960,21391,4901
258,840761248237133825,0,1625
259,840728873075638272,0,14647
260,840698636975636481,165,2
261,840696689258311684,11513,892
262,840632337062862849,8448,1625
263,840370681858686976,15374,4193
264,840268004936019968,17954,5239
265,839990271299457024,12566,2078
266,839549326359670784,25651,7101
267,839290600511926273,0,133
268,839239871831150596,25305,5962
269,838952994649550848,18417,3670
270,838921590096166913,10449,1861
271,838916489579200512,0,31
272,838831947270979586,0,10073
273,838561493054533637,10277,1234
274,838476387338051585,21038,4360
275,838201503651401729,0,9239
276,838150277551247360,1572,304
277,838085839343206401,133,1
278,838083903487373313,16517,2856
279,837820167694528512,31925,7176
280,837482249356513284,3620,409
281,837471256429613056,12019,2068
282,837110210464448512,15098,2185
283,836989968035819520,11985,2123
284,836753516572119041,18177,4276
285,836677758902222849,11876,2030
286,836648853927522308,0,509
287,836397794269200385,0,25180
288,836380477523124226,13937,2753
289,836260088725786625,20017,3992
290,836001077879255040,17944,3907
291,835685285446955009,0,7453
292,835574547218894849,16697,3311
293,835536468978302976,0,1551
294,835309094223372289,0,19236
295,835297930240217089,15474,2751
296,835264098648616962,7256,1551
297,835246439529840640,1993,63
298,835172783151792128,24633,5317
299,835152434251116546,21008,2771
300,834931633769889797,10131,1497
301,834786237630337024,20270,5124
302,834574053763584002,12846,2322
303,834477809192075265,0,9806
304,834458053273591808,9051,1555
305,834209720923721728,19310,4346
306,834167344700198914,14869,3375
307,834089966724603904,9469,1972
308,834086379323871233,12273,2046
309,833863086058651648,12658,2219
310,833826103416520705,17118,3498
311,833732339549220864,0,205
312,833722901757046785,19735,3009
313,833479644947025920,14048,1898
314,833124694597443584,19041,4458
315,832998151111966721,12468,2026
316,832769181346996225,0,38
317,832757312314028032,15894,3333
318,832682457690300417,11170,2673
319,832645525019123713,2747,485
320,832636094638288896,14944,2574
321,832397543355072512,11267,2041
322,832369877331693569,16122,2934
323,832273440279240704,10678,2153
324,832215909146226688,0,5744
325,832215726631055365,0,8613
326,832088576586297345,59,2
327,832040443403784192,0,8853
328,832032802820481025,16807,4314
329,831939777352105988,22517,5673
330,831926988323639298,319,34
331,831911600680497154,25904,5998
332,831670449226514432,9817,1692
333,831650051525054464,6700,1793
334,831552930092285952,8475,2168
335,831322785565769729,8775,1449
336,831315979191906304,6187,1040
337,831309418084069378,11121,2276
338,831262627380748289,11196,1896
339,830956169170665475,7533,1380
340,830583320585068544,62598,15458
341,830173239259324417,0,5260
342,830097400375152640,9193,2710
343,829878982036299777,0,4623
344,829861396166877184,11551,1798
345,829501995190984704,29952,9806
346,829449946868879360,9901,1865
347,829141528400556032,22956,6791
348,829011960981237760,50368,15156
349,828801551087042563,0,3175
350,828770345708580865,24156,5411
351,828708714936930305,34330,10358
352,828650029636317184,8976,1246
353,828409743546925057,6054,1086
354,828408677031882754,7270,1191
355,828381636999917570,11900,2066
356,828376505180889089,7000,996
357,828372645993398273,11895,2730
358,828361771580813312,2074,165
359,828046555563323392,11079,2663
360,828011680017821696,9794,2003
361,827933404142436356,18896,4849
362,827653905312006145,14614,2802
363,827600520311402496,7069,866
364,827324948884643840,14975,2814
365,827199976799354881,10021,2065
366,826958653328592898,20355,4623
367,826848821049180160,34106,9366
368,826615380357632002,0,3690
369,826598799820865537,4869,230
370,826598365270007810,9464,2183
371,826476773533745153,17404,3898
372,826240494070030336,12549,2425
373,826204788643753985,4603,857
374,826115272272650244,14763,2878
375,825876512159186944,9935,1740
376,825829644528148480,12042,2339
377,825535076884762624,54045,16381
378,825147591692263424,17291,4192
379,825120256414846976,0,1168
380,825026590719483904,5920,1168
381,824796380199809024,0,5111
382,824775126675836928,14089,3283
383,824663926340194305,9950,1651
384,824325613288833024,11203,9904
385,824297048279236611,14253,3578
386,824025158776213504,4587,558
387,823939628516474880,10076,2542
388,823719002937630720,0,10381
389,823699002998870016,13229,2339
390,823581115634085888,12289,2450
391,823333489516937216,662,22
392,823322678127919110,14851,3726
393,823269594223824897,0,9245
394,822975315408461824,16398,3203
395,822872901745569793,124254,39994
396,822859134160621569,12472,2115
397,822647212903690241,0,5963
398,822610361945911296,13993,2738
399,822489057087389700,17143,5963
400,822462944365645825,26351,13178
401,822244816520155136,33168,9245
402,822163064745328640,0,4393
403,821886076407029760,10694,2147
404,821813639212650496,0,3128
405,821765923262631936,7919,1557
406,821522889702862852,7586,1634
407,821421320206483457,0,5135
408,821407182352777218,11119,4001
409,821153421864615936,236,9
410,821149554670182400,8121,1826
411,821107785811234820,9085,1978
412,821044531881721856,11974,2129
413,820837357901512704,0,6253
414,820749716845686786,29887,9239
415,820690176645140481,11603,3007
416,820494788566847489,0,523
417,820446719150292993,0,2398
418,820314633777061888,3163,523
419,820078625395449857,18678,5804
420,820013781606658049,0,1085
421,819952236453363712,5027,1085
422,819924195358416896,12254,4553
423,819711362133872643,12637,2882
424,819588359383371776,9168,1872
425,819347104292290561,6853,1119
426,819238181065359361,2142,379
427,819227688460238848,21825,6253
428,819015337530290176,0,34599
429,819015331746349057,0,17824
430,819006400881917954,43089,17824
431,819004803107983360,82797,34599
432,818646164899774465,0,19486
433,818627210458333184,21257,7070
434,818614493328580609,9319,2358
435,818588835076603904,0,5706
436,818536468981415936,10293,2279
437,818307523543449600,0,7482
438,818259473185828864,10430,2091
439,818145370475810820,11635,2372
440,817908911860748288,4612,741
441,817827839487737858,48719,25180
442,817777686764523521,10239,2525
443,817536400337801217,11145,2738
444,817502432452313088,0,3147
445,817423860136083457,31920,13622
446,817415592588222464,5306,892
447,817181837579653120,0,7887
448,817171292965273600,8315,1874
449,817120970343411712,11561,2418
450,817056546584727552,8149,1523
451,816829038950027264,0,4400
452,816816676327063552,9493,1898
453,816697700272001025,9260,2062
454,816450570814898180,28753,7482
455,816336735214911488,8179,1808
456,816091915477250048,8492,1994
457,816062466425819140,0,946
458,816014286006976512,0,4891
459,815990720817401858,4698,946
460,815966073409433600,21166,7887
461,815745968457060357,0,3866
462,815736392542261248,9323,2127
463,815639385530101762,7831,1557
464,815390420867969024,9837,3578
465,814986499976527872,7265,1190
466,814638523311648768,10708,2530
467,814578408554463233,0,5471
468,814530161257443328,8225,1743
469,814153002265309185,27306,8127
470,813944609378369540,0,2964
471,813910438903693312,8868,1737
472,813812741911748608,34674,13059
473,813800681631023104,7891,1653
474,813217897535406080,17716,6862
475,813202720496779264,8779,1709
476,813187593374461952,18861,4058
477,813172488309972993,8817,1811
478,813157409116065792,7392,2071
479,813142292504645637,8096,2249
480,813130366689148928,4266,422
481,813127251579564032,11234,2926
482,813112105746448384,9809,2575
483,813096984823349248,10048,3398
484,813081950185472002,9433,2603
485,813066809284972545,7550,1833
486,813051746834595840,19949,6874
487,812781120811126785,7164,1788
488,812709060537683968,6303,1356
489,812503143955202048,5744,1149
490,812466873996607488,7582,1802
491,812372279581671427,12955,3433
492,811985624773361665,6924,1313
493,811744202451197953,7169,1484
494,811647686436880384,5325,684
495,811627233043480576,12095,2859
496,811386762094317568,19902,5996
497,810984652412424192,5064,1338
498,810896069567610880,8559,1648
499,810657578271330305,10447,2475
500,810284430598270976,33371,10514
501,810254108431155201,14001,3175
502,809920764300447744,14803,3690
503,809808892968534016,0,4592
504,809448704142938112,6619,1375
505,809220051211603969,18924,5260
506,809084759137812480,12591,3313
507,808838249661788160,9659,2871
508,808733504066486276,7523,2035
509,808501579447930884,10776,2459
510,808344865868283904,40283,19486
511,808134635716833280,0,5530
512,808106460588765185,8402,2073
513,808001312164028416,11868,3322
514,807621403335917568,13881,3399
515,807106840509214720,111857,51759
516,807059379405148160,0,6907
517,807010152071229440,12499,3641
518,806629075125202948,70722,32450
519,806620845233815552,0,5154
520,806576416489959424,4666,1827
521,806542213899489280,9747,2222
522,806242860592926720,0,10905
523,806219024703037440,6145,1134
524,805958939288408065,0,5027
525,805932879469572096,7900,1806
526,805826884734976000,6247,1721
527,805823200554876929,0,7494
528,805520635690676224,5492,1553
529,805487436403003392,8361,2383
530,805207613751304193,7497,1629
531,804738756058218496,13008,3607
532,804475857670639616,5854,1895
533,804413760345620481,0,3016
534,804026241225523202,42152,15089
535,803773340896923648,9576,2592
536,803692223237865472,0,6945
537,803638050916102144,10404,3892
538,803380650405482500,7411,1774
539,803321560782307329,0,4970
540,803276597545603072,9571,2306
541,802952499103731712,8591,1879
542,802624713319034886,0,2732
543,802600418706604034,6778,1386
544,802572683846291456,8531,2362
545,802323869084381190,15365,5492
546,802265048156610565,6634,1301
547,802239329049477120,8668,2465
548,802185808107208704,0,251
549,801958328846974976,7376,1599
550,801854953262350336,1725,220
551,801538201127157760,7832,1957
552,801285448605831168,5751,774
553,801167903437357056,23230,5530
554,801127390143516673,0,3711
555,801115127852503040,7688,1986
556,800859414831898624,650,91
557,800855607700029440,0,1521
558,800751577355128832,10106,2641
559,800513324630806528,12521,2836
560,800459316964663297,9058,2064
561,800443802682937345,0,4035
562,800388270626521089,10638,2641
563,800188575492947969,0,3699
564,800141422401830912,14539,2398
565,800018252395122689,26951,12351
566,799774291445383169,0,4379
567,799757965289017345,7987,2009
568,799422933579902976,7696,1803
569,799308762079035393,0,5097
570,799297110730567681,9403,2570
571,799063482566066176,7705,2346
572,798933969379225600,12448,4165
573,798925684722855936,7170,1364
574,798705661114773508,0,6235
575,798701998996647937,0,7268
576,798697898615730177,0,6114
577,798694562394996736,0,4652
578,798686750113755136,0,2185
579,798682547630837760,0,4441
580,798673117451325440,0,5238
581,798665375516884993,0,3687
582,798644042770751489,0,1748
583,798628517273620480,0,1867
584,798585098161549313,0,5290
585,798576900688019456,0,5497
586,798340744599797760,0,3147
587,798209839306514432,9939,2425
588,797971864723324932,10976,2894
589,797545162159308800,13906,4626
590,797236660651966464,18971,6178
591,797165961484890113,214,24
592,796904159865868288,0,8369
593,796865951799083009,7326,1831
594,796759840936919040,11224,2843
595,796563435802726400,0,6762
596,796484825502875648,7204,1656
597,796387464403357696,10480,3899
598,796177847564038144,0,13404
599,796149749086875649,30580,13404
600,796125600683540480,4745,1688
601,796116448414461957,8659,2258
602,796080075804475393,8035,2172
603,796031486298386433,10293,3511
604,795464331001561088,46881,22026
605,795400264262053889,9537,2691
606,795076730285391872,15364,5111
607,794983741416415232,0,3169
608,794926597468000259,9703,2165
609,794355576146903043,0,9686
610,794332329137291264,9151,2543
611,794205286408003585,8784,3119
612,793962221541933056,15940,4592
613,793845145112371200,8783,1752
614,793614319594401792,0,2935
615,793601777308463104,7592,1522
616,793500921481273345,10146,2238
617,793286476301799424,23385,8613
618,793271401113350145,8270,2255
619,793256262322548741,18978,7828
620,793241302385262592,10015,3088
621,793226087023144960,9300,2727
622,793210959003287553,8494,2617
623,793195938047070209,14482,5288
624,793180763617361921,6575,1873
625,793165685325201412,8917,2635
626,793150605191548928,5865,1599
627,793135492858580992,6098,2368
628,793120401413079041,12050,3697
629,792913359805018113,13625,3724
630,792883833364439040,10736,4014
631,792773781206999040,7006,1577
632,792394556390137856,12750,4025
633,792050063153438720,6790,1677
634,791821351946420224,0,19766
635,791784077045166082,0,8927
636,791780927877898241,0,3566
637,791774931465953280,42843,20818
638,791672322847637504,11173,2935
639,791406955684368384,12509,3866
640,791312159183634433,8332,2372
641,791026214425268224,0,3828
642,790987426131050500,9323,1993
643,790946055508652032,15891,4400
644,790723298204217344,0,2152
645,790698755171364864,7814,1813
646,790581949425475584,19612,6665
647,790337589677002753,7432,1771
648,790277117346975746,11926,2964
649,790227638568808452,0,3322
650,789986466051088384,8822,2152
651,789960241177853952,0,3848
652,789903600034189313,9804,3890
653,789628658055020548,7089,1654
654,789599242079838210,6397,1799
655,789530877013393408,11107,3169
656,789314372632018944,8212,2144
657,789280767834746880,0,4601
658,789268448748703744,8678,2453
659,789137962068021249,9245,2613
660,788908386943430656,26117,11738
661,788765914992902144,25964,9686
662,788552643979468800,0,6680
663,788412144018661376,14754,4944
664,788178268662984705,6910,1984
665,788150585577050112,5810,1207
666,788070120937619456,0,3222
667,788039637453406209,5806,1235
668,787810552592695296,8164,2848
669,787717603741622272,9720,2591
670,787397959788929025,10349,2673
671,787322443945877504,7414,1631
672,787111942498508800,0,6306
673,786963064373534720,25319,7453
674,786729988674449408,0,2280
675,786709082849828864,17388,5744
676,786664955043049472,10061,2371
677,786595970293370880,8997,2928
678,786363235746385920,10299,3228
679,786286427768250368,7577,2656
680,786233965241827333,14439,4393
681,786051337297522688,1356,150
682,786036967502913536,0,6514
683,785927819176054784,10835,2994
684,785872687017132033,6357,1675
685,785639753186217984,7468,2107
686,785533386513321988,8604,1845
687,785515384317313025,5806,1167
688,785264754247995392,6913,1522
689,785170936622350336,11398,4511
690,784826020293709826,9587,3016
691,784517518371221505,8512,2371
692,784431430411685888,5450,1184
693,784183165795655680,18996,7494
694,784057939640352768,28159,10381
695,783839966405230592,28438,10073
696,783821107061198850,6998,1832
697,783695101801398276,9891,2999
698,783466772167098368,7993,2078
699,783391753726550016,16021,5103
700,783347506784731136,0,5164
701,783334639985389568,27548,10905
702,783085703974514689,7744,2025
703,782969140009107456,22857,6907
704,782747134529531904,7082,1322
705,782722598790725632,16331,5027
706,782598640137187329,7393,1770
707,782305867769217024,15745,5135
708,782021823840026624,0,5750
709,781955203444699136,10584,3146
710,781661882474196992,9894,2529
711,781655249211752448,3792,1056
712,781524693396357120,19619,5154
713,781308096455073793,6759,2391
714,781251288990355457,7932,1932
715,781163403222056960,9293,2585
716,780931614150983680,20517,6762
717,780858289093574656,6817,1870
718,780800785462489090,5204,1203
719,780601303617732608,11446,3128
720,780543529827336192,5961,1629
721,780496263422808064,0,3432
722,780476555013349377,0,104
723,780459368902959104,5005,1005
724,780192070812196864,8226,2093
725,780092040432480260,0,2144
726,780074436359819264,11449,4586
727,779834332596887552,17792,6514
728,779377524342161408,8273,2895
729,779124354206535695,0,17056
730,779056095788752897,13933,4222
731,778990705243029504,18792,6666
732,778774459159379968,0,9178
733,778764940568104960,823,338
734,778748913645780993,6473,1210
735,778650543019483137,5429,1395
736,778624900596654080,4347,944
737,778408200802557953,12890,4014
738,778396591732486144,0,11360
739,778383385161035776,5514,1021
740,778286810187399168,9760,3069
741,778039087836069888,8000,2470
742,778027034220126208,6204,1495
743,777953400541634568,0,3275
744,777885040357281792,6005,1518
745,777684233540206592,10641,2732
746,777641927919427584,0,3930
747,777621514455814149,8236,2346
748,777189768882946048,13357,3993
749,776819012571455488,0,12636
750,776813020089548800,4619,1118
751,776477788987613185,8264,2569
752,776249906839351296,0,8484
753,776218204058357768,28143,14762
754,776201521193218049,9037,2341
755,776113305656188928,11138,4035
756,776088319444877312,1718,141
757,775898661951791106,0,15572
758,775842724423557120,11051,2469
759,775733305207554048,13104,3711
760,775729183532220416,12288,4283
761,775364825476165632,6963,2724
762,775350846108426240,9596,3633
763,775085132600442880,14653,4379
764,774757898236878852,8145,1658
765,774639387460112384,6371,1617
766,774314403806253056,20576,5097
767,773985732834758656,10181,3591
768,773922284943896577,6069,1630
769,773704687002451968,6247,1499
770,773670353721753600,5062,1228
771,773547596996571136,20855,5706
772,773336787167145985,0,4681
773,773308824254029826,22019,6959
774,773247561583001600,8896,3011
775,773191612633579521,9417,3812
776,772877495989305348,8060,3585
777,772826264096874500,7578,2216
778,772615324260794368,0,3130
779,772581559778025472,6123,1588
780,772193107915964416,5687,1291
781,772152991789019136,3599,1055
782,772117678702071809,3560,688
783,772114945936949249,2585,440
784,772102971039580160,3779,866
785,771908950375665664,6196,1759
786,771770456517009408,11309,3147
787,771500966810099713,7787,2427
788,771380798096281600,9933,4681
789,771171053431250945,0,6910
790,771136648247640064,8626,2716
791,771102124360998913,5877,1338
792,771014301343748096,6496,1540
793,770787852854652928,4625,1107
794,770772759874076672,4898,1328
795,770655142660169732,6938,1671
796,770414278348247044,5957,1930
797,770293558247038976,5859,1358
798,770093767776997377,0,2820
799,770069151037685760,7160,2129
800,769940425801170949,29347,8853
801,769695466921623552,6057,1566
802,769335591808995329,0,7145
803,769212283578875904,5087,1601
804,768970937022709760,13427,6015
805,768909767477751808,0,2453
806,768855141948723200,3943,828
807,768609597686943744,3867,1100
808,768596291618299904,4741,1192
809,768554158521745409,0,5394
810,768473857036525572,12787,3165
811,768193404517830656,10209,3275
812,767884188863397888,4478,1268
813,767754930266464257,15008,4970
814,767500508068192258,7067,2156
815,767191397493538821,11554,3482
816,767122157629476866,9578,2654
817,766793450729734144,4761,1260
818,766714921925144576,2463,348
819,766693177336135680,3803,730
820,766423258543644672,5653,1460
821,766313316352462849,6361,1738
822,766078092750233600,0,2432
823,766069199026450432,3957,781
824,766008592277377025,3547,461
825,765719909049503744,6820,1999
826,765669560888528897,4864,1134
827,765395769549590528,25154,3121
828,765371061932261376,6690,2010
829,765222098633691136,10944,3130
830,764857477905154048,6091,1654
831,764259802650378240,5659,1396
832,763956972077010945,735,50
833,763837565564780549,11785,3828
834,763183847194451968,5069,1364
835,763167063695355904,0,2761
836,763103485927849985,6953,2128
837,762699858130116608,11386,3322
838,762471784394268675,10535,5930
839,762464539388485633,9669,3848
840,762316489655476224,4510,1030
841,762035686371364864,29875,14331
842,761976711479193600,5058,1835
843,761750502866649088,0,3600
844,761745352076779520,4030,796
845,761672994376806400,46326,26803
846,761599872357261312,3891,1102
847,761371037149827077,0,16693
848,761334018830917632,4841,1342
849,761292947749015552,4203,1004
850,761227390836215808,5014,1452
851,761004547850530816,10665,3222
852,760893934457552897,3581,891
853,760656994973933572,6193,1754
854,760641137271070720,4688,1193
855,760539183865880579,7094,3353
856,760521673607086080,3934,1289
857,760290219849637889,25135,10587
858,760252756032651264,3715,798
859,760190180481531904,5367,1655
860,760153949710192640,0,28
861,759943073749200896,5546,1937
862,759846353224826880,6303,1802
863,759793422261743616,5596,1766
864,759557299618865152,4413,1107
865,759447681597108224,7957,2280
866,759446261539934208,1563,453
867,759197388317847553,5714,1804
868,759159934323924993,0,1068
869,759099523532779520,13654,3833
870,759047813560868866,6089,1852
871,758854675097526272,3334,844
872,758828659922702336,10499,3565
873,758740312047005698,5389,1500
874,758474966123810816,3566,918
875,758467244762497024,4483,2032
876,758405701903519748,4887,1769
877,758355060040593408,3165,969
878,758099635764359168,17764,9178
879,758041019896193024,2538,341
880,757741869644341248,6435,3034
881,757729163776290825,0,7225
882,757725642876129280,4261,1114
883,757611664640446465,4300,1012
884,757597904299253760,0,278
885,757596066325864448,4080,960
886,757400162377592832,14166,6336
887,757393109802180609,5458,1580
888,757354760399941633,4219,1302
889,756998049151549440,5885,1837
890,756939218950160384,6233,1845
891,756651752796094464,4715,1193
892,756526248105566208,9736,3309
893,756303284449767430,3711,1009
894,756288534030475264,41275,16352
895,756275833623502848,5990,1410
896,755955933503782912,6841,2639
897,755206590534418437,15327,4925
898,755110668769038337,19787,10206
899,754874841593970688,0,7263
900,754856583969079297,6461,2315
901,754747087846248448,2422,478
902,754482103782404096,4943,1798
903,754449512966619136,3511,673
904,754120377874386944,7411,2166
905,753655901052166144,5471,2001
906,753420520834629632,7363,3245
907,753398408988139520,5368,1739
908,753375668877008896,7159,2144
909,753298634498793472,0,5221
910,753294487569522689,3134,962
911,753039830821511168,34660,19235
912,753026973505581056,3665,879
913,752932432744185856,11785,6306
914,752917284578922496,6516,1446
915,752701944171524096,0,2630
916,752682090207055872,5621,1463
917,752660715232722944,4088,1427
918,752568224206688256,5130,2096
919,752519690950500352,6878,3163
920,752334515931054080,3603,1012
921,752309394570878976,0,14936
922,752173152931807232,5563,1675
923,751950017322246144,2856,833
924,751937170840121344,4847,1202
925,751830394383790080,5448,1792
926,751793661361422336,5407,2625
927,751598357617971201,7430,2838
928,751583847268179968,4114,1006
929,751538714308972544,4735,1149
930,751456908746354688,3019,926
931,751251247299190784,11757,5402
932,751205363882532864,5917,1669
933,751132876104687617,4737,1188
934,750868782890057730,4476,1253
935,750719632563142656,12283,4601
936,750506206503038976,4150,1056
937,750429297815552001,12324,3930
938,750383411068534784,4274,1043
939,750381685133418496,670,27
940,750147208377409536,2922,877
941,750132105863102464,3382,1187
942,750117059602808832,4066,1215
943,750101899009982464,2853,777
944,750086836815486976,2029,493
945,750071704093859840,7272,3039
946,750056684286914561,2960,823
947,750041628174217216,2973,568
948,750026558547456000,2539,722
949,750011400160841729,3020,823
950,749996283729883136,2841,759
951,749981277374128128,4791,2281
952,749774190421639168,4363,1215
953,749417653287129088,5703,1518
954,749403093750648834,2449,493
955,749395845976588288,7980,3164
956,749317047558017024,5111,2055
957,749075273010798592,5383,1896
958,749064354620928000,4512,1410
959,749036806121881602,2894,732
960,748977405889503236,10056,3140
961,748932637671223296,5424,2065
962,748705597323898880,2590,880
963,748699167502000129,4425,1460
964,748692773788876800,3963,1230
965,748575535303884801,5650,1817
966,748568946752774144,2052,611
967,748346686624440324,4868,1126
968,748337862848962560,7083,3744
969,748324050481647620,3463,696
970,748307329658011649,3451,657
971,748220828303695873,13168,7138
972,747963614829678593,5397,1963
973,747933425676525569,6185,2365
974,747885874273214464,2729,882
975,747844099428986880,2637,677
976,747816857231626240,4512,1062
977,747651430853525504,1275,144
978,747648653817413632,12004,5345
979,747600769478692864,2173,523
980,747594051852075008,3425,952
981,747512671126323200,5146,1480
982,747461612269887489,3607,951
983,747439450712596480,5048,1753
984,747242308580548608,0,2644
985,747219827526344708,4906,1446
986,747204161125646336,3135,834
987,747103485104099331,8909,3638
988,746906459439529985,2729,271
989,746872823977771008,5590,1953
990,746818907684614144,4959,1602
991,746790600704425984,4530,1470
992,746757706116112384,8875,3566
993,746726898085036033,5647,1644
994,746542875601690625,4702,1749
995,746521445350707200,0,902
996,746507379341139972,4350,991
997,746369468511756288,5780,1493
998,746131877086527488,6414,2008
999,746056683365994496,3332,743
1000,745789745784041472,3687,967
1001,745712589599014916,6520,2136
1002,745433870967832576,6555,2316
1003,745422732645535745,7962,2209
1004,745314880350101504,6618,2490
1005,745074613265149952,7293,3191
1006,745057283344719872,6771,2059
1007,744995568523612160,2753,570
1008,744971049620602880,7322,2455
1009,744709971296780288,5237,1444
1010,744334592493166593,6349,1940
1011,744234799360020481,145081,70873
1012,744223424764059648,1537,328
1013,743980027717509120,3907,1005
1014,743895849529389061,3413,882
1015,743835915802583040,0,1877
1016,743609206067040256,4170,1271
1017,743595368194129920,17006,5976
1018,743545585370791937,3290,865
1019,743510151680958465,7427,3426
1020,743253157753532416,3937,1125
1021,743222593470234624,5748,1745
1022,743210557239623680,3563,1239
1023,742534281772302336,6574,3288
1024,742528092657332225,4117,1798
1025,742465774154047488,6768,3616
1026,742423170473463808,9122,3432
1027,742385895052087300,6307,1781
1028,742161199639494656,4012,1249
1029,742150209887731712,4730,1406
1030,741793263812808706,4222,1388
1031,741743634094141440,7564,2509
1032,741438259667034112,3423,749
1033,741303864243200000,8154,2934
1034,741099773336379392,9256,5035
1035,741067306818797568,8880,2820
1036,740995100998766593,5847,2479
1037,740711788199743490,3156,866
1038,740699697422163968,2654,710
1039,740676976021798912,16878,6235
1040,740373189193256964,32633,12158
1041,740365076218183684,2256,390
1042,740359016048689152,3051,798
1043,740214038584557568,6196,1792
1044,739979191639244800,18548,5394
1045,739932936087216128,3766,988
1046,739844404073074688,3537,792
1047,739623569819336705,3504,1242
1048,739606147276148736,5005,1497
1049,739544079319588864,36548,19310
1050,739485634323156992,6613,2648
1051,739238157791694849,107375,52990
1052,738891149612572673,91,6
1053,738885046782832640,3507,1049
1054,738883359779196928,3055,724
1055,738537504001953792,4716,1402
1056,738402415918125056,3021,744
1057,738184450748633089,3989,1111
1058,738166403467907072,8099,3048
1059,738156290900254721,2295,587
1060,737826014890496000,4846,1614
1061,737800304142471168,9292,3181
1062,737678689543020544,4642,1205
1063,737445876994609152,9477,4077
1064,737322739594330112,3331,738
1065,737310737551491075,13566,6768
1066,736736130620620800,3897,1547
1067,736392552031657984,16382,6680
1068,736365877722001409,3688,1120
1069,736225175608430592,7508,2552
1070,736010884653420544,7273,2716
1071,735991953473572864,3307,1038
1072,735648611367784448,3745,1018
1073,735635087207878657,5683,2151
1074,735274964362878976,12070,4559
1075,735256018284875776,3077,804
1076,735137028879360001,2886,887
1077,734912297295085568,2552,473
1078,734787690684657664,11599,5774
1079,734776360183431168,2328,491
1080,734559631394082816,1379,356
1081,733828123016450049,3313,718
1082,733822306246479872,3395,932
1083,733482008106668032,2884,856
1084,733460102733135873,3878,1144
1085,733109485275860992,49406,15571
1086,732732193018155009,2236,484
1087,732726085725589504,3302,801
1088,732585889486888962,3369,713
1089,732375214819057664,7451,2292
1090,732005617171337216,13731,4891
1091,731285275100512256,3227,904
1092,731156023742988288,3555,1146
1093,730924654643314689,5663,1796
1094,730573383004487680,4486,1922
1095,730427201120833536,3211,943
1096,730211855403241472,3510,960
1097,730196704625098752,4453,1714
1098,729854734790754305,3722,1020
1099,729838605770891264,1608,339
1100,729823566028484608,3665,1129
1101,729463711119904772,5338,2102
1102,729113531270991872,1747,288
1103,728986383096946689,2900,742
1104,728760639972315136,4309,1549
1105,728751179681943552,2554,619
1106,728653952833728512,3068,952
1107,728409960103686147,4513,1829
1108,728387165835677696,3432,881
1109,728046963732717569,3952,1087
1110,728035342121635841,4177,1517
1111,728015554473250816,3802,993
1112,727685679342333952,2738,577
1113,727644517743104000,5409,1596
1114,727524757080539137,4129,1092
1115,727314416056803329,3074,674
1116,727286334147182592,2837,748
1117,727175381690781696,3606,1248
1118,727155742655025152,3337,1202
1119,726935089318363137,6327,2218
1120,726887082820554753,3538,1375
1121,726828223124897792,3317,922
1122,726224900189511680,4093,1046
1123,725842289046749185,6545,2432
1124,725786712245440512,3862,1253
1125,725729321944506368,4810,1613
1126,725458796924002305,1308,558
1127,724983749226668032,3452,1173
1128,724771698126512129,2164,570
1129,724405726123311104,4886,1518
1130,724049859469295616,3994,1626
1131,724046343203856385,2463,514
1132,724004602748780546,3844,1397
1133,723912936180330496,3602,1131
1134,723688335806480385,7065,2654
1135,723673163800948736,2797,816
1136,723179728551723008,4879,1698
1137,722974582966214656,3782,1444
1138,722613351520608256,4601,1495
1139,721503162398597120,4249,1651
1140,721001180231503872,2352,552
1141,720785406564900865,2867,700
1142,720775346191278080,2264,574
1143,720415127506415616,3810,1370
1144,720389942216527872,5887,2273
1145,720340705894408192,2632,882
1146,720059472081784833,3574,1023
1147,720043174954147842,4594,1826
1148,719991154352222208,4497,1600
1149,719704490224398336,4192,1303
1150,719551379208073216,4666,1719
1151,719367763014393856,2608,692
1152,719339463458033665,4119,1124
1153,719332531645071360,3187,863
1154,718971898235854848,3218,986
1155,718939241951195136,4820,1590
1156,718631497683582976,17424,7268
1157,718613305783398402,2264,431
1158,718540630683709445,2247,928
1159,718460005985447936,2514,482
1160,718454725339934721,4521,1385
1161,718246886998687744,1765,448
1162,718234618122661888,3581,916
1163,717841801130979328,2280,545
1164,717790033953034240,2639,993
1165,717537687239008257,5341,1669
1166,717428917016076293,1482,408
1167,717421804990701568,2899,762
1168,717047459982213120,5822,1748
1169,717009362452090881,2988,873
1170,716802964044845056,3976,1053
1171,716791146589110272,7762,1461
1172,716730379797970944,1139,397
1173,716447146686459905,12058,5340
1174,716439118184652801,2204,191
1175,716285507865542656,2567,969
1176,716080869887381504,6272,1717
1177,715928423106027520,2939,796
1178,715758151270801409,3429,1295
1179,715733265223708672,4304,1539
1180,715704790270025728,2569,515
1181,715696743237730304,3624,1171
1182,715680795826982913,3985,1453
1183,715360349751484417,5054,1415
1184,715342466308784130,2801,627
1185,715220193576927233,2226,593
1186,715200624753819648,4766,1693
1187,715009755312439296,3833,1109
1188,714982300363173890,3445,937
1189,714962719905021952,6773,3853
1190,714957620017307648,3827,1286
1191,714631576617938945,3022,902
1192,714606013974974464,3358,834
1193,714485234495041536,2463,1013
1194,714258258790387713,2831,673
1195,714251586676113411,3035,765
1196,714214115368108032,2123,802
1197,714141408463036416,4016,1286
1198,713919462244790272,3054,725
1199,713909862279876608,1757,487
1200,713900603437621249,2629,666
1201,713761197720473600,4479,1245
1202,713411074226274305,4105,1192
1203,713177543487135744,6671,2605
1204,713175907180089344,4103,1339
1205,712809025985978368,17614,6114
1206,712717840512598017,11367,4527
1207,712668654853337088,3841,1104
1208,712438159032893441,4925,1424
1209,712309440758808576,222,24
1210,712097430750289920,3477,942
1211,712092745624633345,2719,815
1212,712085617388212225,3027,440
1213,712065007010385924,2081,570
1214,711998809858043904,0,122
1215,711968124745228288,7438,2101
1216,711743778164514816,2629,913
1217,711732680602345472,8121,3707
1218,711694788429553666,30353,16693
1219,711652651650457602,3562,825
1220,711363825979756544,3334,1021
1221,711306686208872448,3064,681
1222,711008018775851008,2757,560
1223,710997087345876993,4231,1270
1224,710844581445812225,2358,618
1225,710833117892898816,2479,478
1226,710658690886586372,2147,516
1227,710609963652087808,4448,2167
1228,710588934686908417,4190,1706
1229,710296729921429505,2210,672
1230,710283270106132480,2005,482
1231,710272297844797440,4156,1147
1232,710269109699739648,2206,1019
1233,710153181850935296,2695,816
1234,710140971284037632,2528,808
1235,710117014656950272,5046,1787
1236,709918798883774466,3240,998
1237,709901256215666688,609,92
1238,709852847387627521,3246,1095
1239,709566166965075968,3265,1079
1240,709556954897764353,3030,977
1241,709519240576036864,1390,219
1242,709449600415961088,2031,520
1243,709409458133323776,2432,619
1244,709225125749587968,2217,523
1245,709207347839836162,11464,5209
1246,709198395643068416,2276,591
1247,709179584944730112,1860,613
1248,709158332880297985,1882,368
1249,709042156699303936,4351,1486
1250,708853462201716736,1673,595
1251,708845821941387268,2748,808
1252,708834316713893888,1556,455
1253,708810915978854401,15258,6283
1254,708738143638450176,2549,744
1255,708711088997666817,2349,644
1256,708479650088034305,2348,620
1257,708469915515297792,2866,733
1258,708400866336894977,14716,9111
1259,708356463048204288,3313,1205
1260,708349470027751425,2195,679
1261,708149363256774660,3997,1416
1262,708130923141795840,3108,786
1263,708119489313951744,2490,900
1264,708109389455101952,1808,503
1265,708026248782585858,4078,1756
1266,707995814724026368,2881,1018
1267,707983188426153984,45,2
1268,707969809498152960,2495,870
1269,707776935007539200,3018,875
1270,707741517457260545,2297,558
1271,707738799544082433,3745,2215
1272,707693576495472641,3136,920
1273,707629649552134146,2361,788
1274,707610948723478529,15661,5750
1275,707420581654872064,2076,637
1276,707411934438625280,2123,548
1277,707387676719185920,3229,1152
1278,707377100785885184,3020,979
1279,707315916783140866,2291,583
1280,707297311098011648,2590,713
1281,707059547140169728,2409,620
1282,707038192327901184,2025,721
1283,707021089608753152,3747,1230
1284,707014260413456384,2124,546
1285,706904523814649856,13484,7145
1286,706901761596989440,1893,528
1287,706681918348251136,3034,896
1288,706644897839910912,2360,990
1289,706593038911545345,1993,582
1290,706538006853918722,3204,1305
1291,706516534877929472,2881,935
1292,706346369204748288,3185,845
1293,706310011488698368,19607,7173
1294,706291001778950144,1574,439
1295,706265994973601792,2526,852
1296,706169069255446529,3604,2009
1297,706166467411222528,4750,1462
1298,706153300320784384,1365,346
1299,705975130514706432,2870,668
1300,705970349788291072,2933,801
1301,705898680587526145,2195,498
1302,705786532653883392,1802,470
1303,705591895322394625,2925,1037
1304,705475953783398401,2752,833
1305,705442520700944385,4083,1466
1306,705428427625635840,3530,1528
1307,705239209544720384,2780,679
1308,705223444686888960,2385,717
1309,705102439679201280,1971,476
1310,705066031337840642,2021,556
1311,704871453724954624,3972,1019
1312,704859558691414016,2079,477
1313,704847917308362754,4719,1373
1314,704819833553219584,2457,900
1315,704761120771465216,6155,2644
1316,704499785726889984,2670,908
1317,704491224099647488,691,71
1318,704480331685040129,3158,984
1319,704364645503647744,7371,3243
1320,704347321748819968,1450,314
1321,704134088924532736,1390,413
1322,704113298707505153,1721,522
1323,704054845121142784,2702,845
1324,703774238772166656,1713,406
1325,703769065844768768,3022,1025
1326,703631701117943808,2371,602
1327,703611486317502464,3558,1387
1328,703425003149250560,3510,1226
1329,703407252292673536,2265,624
1330,703382836347330562,3233,1037
1331,703356393781329922,1773,347
1332,703268521220972544,1832,495
1333,703079050210877440,6838,2811
1334,703041949650034688,24413,11360
1335,702932127499816960,2377,655
1336,702899151802126337,1490,413
1337,702684942141153280,2995,968
1338,702671118226825216,2026,509
1339,702598099714314240,11366,3146
1340,702539513671897089,2662,876
1341,702332542343577600,2941,1389
1342,702321140488925184,3039,958
1343,702276748847800320,2292,697
1344,702217446468493312,4409,1229
1345,701981390485725185,3172,895
1346,701952816642965504,3550,934
1347,701889187134500865,3257,1261
1348,701805642395348998,3133,1515
1349,701601587219795968,1929,418
1350,701570477911896070,2586,843
1351,701545186879471618,2459,552
1352,701214700881756160,11311,4652
1353,700890391244103680,2050,512
1354,700864154249383937,2409,563
1355,700847567345688576,2285,453
1356,700796979434098688,2264,866
1357,700747788515020802,21080,8482
1358,700518061187723268,2407,724
1359,700505138482569216,2116,524
1360,700462010979500032,3793,1632
1361,700167517596164096,2441,661
1362,700151421916807169,2063,611
1363,700143752053182464,6949,2453
1364,700062718104104960,2454,616
1365,700029284593901568,1920,532
1366,700002074055016451,3042,1207
1367,699801817392291840,2785,852
1368,699788877217865730,2069,473
1369,699779630832685056,2516,1114
1370,699775878809702401,1815,544
1371,699691744225525762,9500,4175
1372,699446877801091073,5530,2407
1373,699434518667751424,2037,468
1374,699423671849451520,1252,290
1375,699413908797464576,1934,574
1376,699370870310113280,1757,395
1377,699323444782047232,2913,785
1378,699088579889332224,2094,571
1379,699079609774645248,2265,579
1380,699072405256409088,2727,1084
1381,699060279947165696,3443,1630
1382,699036661657767936,2415,1096
1383,698989035503689728,3091,880
1384,698953797952008193,2494,834
1385,698907974262222848,2346,557
1386,698710712454139905,2279,621
1387,698703483621523456,1333,338
1388,698635131305795584,1198,315
1389,698549713696649216,2151,561
1390,698355670425473025,1709,398
1391,698342080612007937,2084,873
1392,698262614669991936,4419,1803
1393,698195409219559425,15568,5471
1394,698178924120031232,2598,678
1395,697995514407682048,1420,307
1396,697990423684476929,3030,1176
1397,697943111201378304,2210,619
1398,697881462549430272,2795,1060
1399,697630435728322560,1604,499
1400,697616773278015490,2902,926
1401,697596423848730625,2792,1140
1402,697575480820686848,1896,456
1403,697516214579523584,1882,998
1404,697482927769255936,2245,608
1405,697463031882764288,3183,1278
1406,697270446429966336,4364,1724
1407,697259378236399616,3048,909
1408,697255105972801536,2854,1059
1409,697242256848379904,2338,618
1410,696900204696625153,2929,943
1411,696894894812565505,2179,623
1412,696886256886657024,4461,1634
1413,696877980375769088,2271,645
1414,696754882863349760,1374,329
1415,696744641916489729,1901,839
1416,696713835009417216,2187,588
1417,696518437233913856,3651,1574
1418,696490539101908992,1135,127
1419,696488710901260288,2318,930
1420,696405997980676096,2941,1056
1421,696100768806522880,1785,588
1422,695816827381944320,2770,1059
1423,695794761660297217,2926,710
1424,695767669421768709,1712,666
1425,695629776980148225,4217,1901
1426,695446424020918272,4103,1661
1427,695409464418041856,8019,3266
1428,695314793360662529,3356,1306
1429,695095422348574720,2472,552
1430,695074328191332352,2626,999
1431,695064344191721472,1482,531
1432,695051054296211456,2443,719
1433,694925794720792577,2506,826
1434,694905863685980160,2547,842
1435,694669722378485760,33140,13133
1436,694356675654983680,1390,251
1437,694352839993344000,1887,546
1438,694342028726001664,1467,433
1439,694329668942569472,1830,451
1440,694206574471057408,3831,1864
1441,694183373896572928,2721,844
1442,694001791655137281,3152,927
1443,693993230313091072,1744,361
1444,693942351086120961,1630,331
1445,693647888581312512,2487,523
1446,693644216740769793,1268,115
1447,693642232151285760,2364,379
1448,693629975228977152,2269,723
1449,693622659251335168,1421,339
1450,693590843962331137,4671,1787
1451,693582294167244802,1525,223
1452,693486665285931008,1635,572
1453,693280720173801472,3099,1128
1454,693267061318012928,2206,735
1455,693262851218264065,2053,452
1456,693231807727280129,2673,675
1457,693155686491000832,7283,2912
1458,693109034023534592,1570,552
1459,693095443459342336,1712,406
1460,692919143163629568,2511,700
1461,692905862751522816,2248,792
1462,692901601640583168,1622,542
1463,692894228850999298,2089,720
1464,692828166163931137,2670,801
1465,692752401762250755,6304,3322
1466,692568918515392513,4043,1399
1467,692535307825213440,2917,1241
1468,692530551048294401,1710,371
1469,692423280028966913,1370,198
1470,692417313023332352,8680,3147
1471,692187005137076224,2345,752
1472,692158366030913536,1980,724
1473,692142790915014657,1515,355
1474,692041934689402880,3134,1135
1475,692017291282812928,2682,873
1476,691820333922455552,3671,1499
1477,691793053716221953,7515,3842
1478,691756958957883396,2609,891
1479,691675652215414786,1799,461
1480,691483041324204033,2209,503
1481,691459709405118465,3746,1029
1482,691444869282295808,2441,756
1483,691416866452082688,17914,6945
1484,691321916024623104,2390,602
1485,691096613310316544,2772,797
1486,691090071332753408,1606,307
1487,690989312272396288,5458,2624
1488,690959652130045952,3325,1121
1489,690938899477221376,3786,1761
1490,690932576555528194,3033,912
1491,690735892932222976,3512,1159
1492,690728923253055490,2010,469
1493,690690673629138944,2160,754
1494,690649993829576704,1202,250
1495,690607260360429569,279,14
1496,690597161306841088,1790,551
1497,690400367696297985,1744,406
1498,690374419777196032,2984,765
1499,690360449368465409,2463,798
1500,690348396616552449,1376,466
1501,690248561355657216,1546,370
1502,690021994562220032,2589,930
1503,690015576308211712,2314,664
1504,690005060500217858,3397,1545
1505,689999384604450816,1310,331
1506,689993469801164801,1349,410
1507,689977555533848577,1272,411
1508,689905486972461056,2263,624
1509,689877686181715968,2807,1048
1510,689835978131935233,2025,690
1511,689661964914655233,3006,851
1512,689659372465688576,9553,3496
1513,689623661272240129,2049,581
1514,689599056876867584,10805,5040
1515,689557536375177216,1909,407
1516,689517482558820352,3143,1302
1517,689289219123089408,2077,854
1518,689283819090870273,3028,1005
1519,689280876073582592,1830,642
1520,689275259254616065,1058,226
1521,689255633275777024,2361,980
1522,689154315265683456,2868,900
1523,689143371370250240,1870,458
1524,688916208532455424,2503,776
1525,688908934925697024,1945,709
1526,688898160958271489,1934,711
1527,688894073864884227,2065,622
1528,688828561667567616,1279,326
1529,688804835492233216,892,171
1530,688789766343622656,2064,605
1531,688547210804498433,2410,629
1532,688519176466644993,2156,661
1533,688385280030670848,8585,4097
1534,688211956440801280,2085,763
1535,688179443353796608,1986,533
1536,688116655151435777,2625,703
1537,688064179421470721,1605,325
1538,687841446767013888,5040,2261
1539,687826841265172480,2529,1014
1540,687818504314159109,2284,870
1541,687807801670897665,2205,660
1542,687732144991551489,1627,599
1543,687704180304273409,2248,769
1544,687664829264453632,1807,473
1545,687494652870668288,1767,531
1546,687480748861947905,1478,222
1547,687476254459715584,1832,483
1548,687460506001633280,1913,494
1549,687399393394311168,1755,556
1550,687317306314240000,18703,8369
1551,687312378585812992,4024,1744
1552,687127927494963200,4984,2060
1553,687124485711986689,2024,463
1554,687109925361856513,5376,2250
1555,687102708889812993,2176,876
1556,687096057537363968,2085,553
1557,686947101016735744,8005,2914
1558,686760001961103360,3248,1263
1559,686749460672679938,3211,1324
1560,686730991906516992,3816,1096
1561,686683045143953408,2617,737
1562,686618349602762752,3417,1240
1563,686606069955735556,1757,494
1564,686394059078897668,1603,635
1565,686386521809772549,3020,793
1566,686377065986265092,2056,516
1567,686358356425093120,2001,603
1568,686286779679375361,3730,1530
1569,686050296934563840,2068,665
1570,686035780142297088,1063,106
1571,686034024800862208,2857,1043
1572,686007916130873345,2287,367
1573,686003207160610816,1683,565
1574,685973236358713344,1942,478
1575,685943807276412928,1500,536
1576,685906723014619143,6917,2600
1577,685681090388975616,1889,110
1578,685667379192414208,2188,511
1579,685663452032069632,2981,1338
1580,685641971164143616,2696,699
1581,685547936038666240,30468,14178
1582,685532292383666176,2814,1049
1583,685325112850124800,8697,3600
1584,685321586178670592,2452,582
1585,685315239903100929,3040,948
1586,685307451701334016,1928,399
1587,685268753634967552,2850,1081
1588,685198997565345792,2142,590
1589,685169283572338688,3793,1285
1590,684969860808454144,2219,328
1591,684959798585110529,6305,2824
1592,684940049151070208,2969,948
1593,684926975086034944,3226,417
1594,684914660081053696,3228,1327
1595,684902183876321280,1720,469
1596,684880619965411328,1925,731
1597,684830982659280897,32444,19765
1598,684800227459624960,2513,906
1599,684594889858887680,8193,3182
1600,684588130326986752,3820,1284
1601,684567543613382656,2771,1110
1602,684538444857667585,2442,859
1603,684481074559381504,3577,1073
1604,684460069371654144,1823,504
1605,684241637099323392,7510,2960
1606,684225744407494656,1148,184
1607,684222868335505415,3527,1243
1608,684200372118904832,1987,947
1609,684195085588783105,1764,459
1610,684188786104872960,3232,1058
1611,684177701129875456,1869,595
1612,684147889187209216,2750,1377
1613,684122891630342144,1866,426
1614,684097758874210310,3803,1302
1615,683857920510050305,3526,1023
1616,683852578183077888,1795,317
1617,683849932751646720,2419,858
1618,683834909291606017,2420,1026
1619,683828599284170753,2593,974
1620,683773439333797890,3080,1224
1621,683742671509258241,5985,3016
1622,683515932363329536,6809,2629
1623,683498322573824003,2940,875
1624,683481228088049664,2455,907
1625,683462770029932544,2245,621
1626,683449695444799489,3585,1462
1627,683391852557561860,7065,2185
1628,683357973142474752,2675,826
1629,683142553609318400,2650,941
1630,683111407806746624,3151,821
1631,683098815881154561,2004,590
1632,683078886620553216,1862,520
1633,683030066213818368,2002,672
1634,682962037429899265,33883,14934
1635,682808988178739200,1633,155
1636,682788441537560576,2289,1020
1637,682750546109968385,1409,399
1638,682697186228989953,1216,333
1639,682662431982772225,2825,988
1640,682638830361513985,1914,535
1641,682429480204398592,3187,1048
1642,682406705142087680,6985,1591
1643,682393905736888321,2081,599
1644,682389078323662849,1546,425
1645,682303737705140231,2830,889
1646,682259524040966145,3818,1080
1647,682242692827447297,2978,1043
1648,682088079302213632,16838,8927
1649,682059653698686977,4549,1535
1650,682047327939461121,2953,850
1651,682032003584274432,6075,1802
1652,682003177596559360,2878,1374
1653,681981167097122816,2600,922
1654,681891461017812993,2276,749
1655,681694085539872773,11846,3699
1656,681679526984871937,1630,401
1657,681654059175129088,2429,820
1658,681610798867845120,1736,419
1659,681579835668455424,3261,1180
1660,681523177663676416,13210,5221
1661,681340665377193984,1519,245
1662,681339448655802368,8573,3712
1663,681320187870711809,2419,673
1664,681302363064414209,3606,1633
1665,681297372102656000,2969,860
1666,681281657291280384,2976,1000
1667,681261549936340994,1335,237
1668,681242418453299201,1362,471
1669,681231109724700672,2245,441
1670,681193455364796417,3427,1343
1671,680970795137544192,2219,586
1672,680959110691590145,4231,1826
1673,680940246314430465,2931,939
1674,680934982542561280,1925,395
1675,680913438424612864,2220,565
1676,680889648562991104,1615,327
1677,680836378243002368,3197,1186
1678,680805554198020098,1987,608
1679,680801747103793152,2197,743
1680,680798457301471234,2613,941
1681,680609293079592961,2415,629
1682,680583894916304897,3321,1194
1683,680497766108381184,3898,1739
1684,680494726643068929,1577,441
1685,680473011644985345,2350,677
1686,680440374763077632,1330,443
1687,680221482581123072,1362,263
1688,680206703334408192,2597,1052
1689,680191257256136705,1985,445
1690,680176173301628928,3571,1403
1691,680161097740095489,2146,673
1692,680145970311643136,3317,1565
1693,680130881361686529,2120,858
1694,680115823365742593,2502,831
1695,680100725817409536,3309,1254
1696,680085611152338944,11785,8172
1697,680070545539371008,2390,778
1698,679877062409191424,1807,584
1699,679872969355714560,2016,598
1700,679862121895714818,2258,557
1701,679854723806179328,2620,1105
1702,679844490799091713,2190,687
1703,679828447187857408,33250,12636
1704,679777920601223168,2862,998
1705,679736210798047232,1918,721
1706,679729593985699840,1997,751
1707,679722016581222400,1544,426
1708,679530280114372609,4381,1889
1709,679527802031484928,2428,653
1710,679511351870550016,3078,1151
1711,679503373272485890,2924,1341
1712,679475951516934144,1929,585
1713,679462823135686656,29475,17055
1714,679405845277462528,2170,1076
1715,679158373988876288,19482,7263
1716,679148763231985668,2557,929
1717,679132435750195208,2714,1038
1718,679111216690831360,5445,2317
1719,679062614270468097,15520,7225
1720,679047485189439488,2058,588
1721,679001094530465792,2603,1098
1722,678991772295516161,2077,1019
1723,678969228704284672,1498,412
1724,678800283649069056,2359,821
1725,678798276842360832,3169,1031
1726,678774928607469569,2575,822
1727,678767140346941444,3231,1234
1728,678764513869611008,1484,418
1729,678755239630127104,6497,2940
1730,678740035362037760,3407,1493
1731,678708137298427904,5142,2197
1732,678675843183484930,2609,1323
1733,678643457146150913,1882,361
1734,678446151570427904,3657,1374
1735,678424312106393600,5006,2286
1736,678410210315247616,3835,1613
1737,678399652199309312,73613,28652
1738,678396796259975168,1460,375
1739,678389028614488064,1713,383
1740,678380236862578688,2247,822
1741,678341075375947776,1574,474
1742,678334497360859136,1183,226
1743,678278586130948096,10435,5502
1744,678255464182861824,1453,328
1745,678023323247357953,1746,341
1746,678021115718029313,12402,5650
1747,677961670166224897,3146,1527
1748,677918531514703872,1220,364
1749,677895101218201600,4402,1846
1750,677716515794329600,2791,880
1751,677700003327029250,3119,1294
1752,677698403548192770,1119,288
1753,677687604918272002,2267,758
1754,677673981332312066,3037,1352
1755,677662372920729601,1778,844
1756,677644091929329666,1713,728
1757,677573743309385728,1941,600
1758,677565715327688705,1196,413
1759,677557565589463040,2230,1020
1760,677547928504967168,6336,3301
1761,677530072887205888,969,204
1762,677335745548390400,2767,1555
1763,677334615166730240,1230,253
1764,677331501395156992,989,209
1765,677328882937298944,3345,1352
1766,677314812125323265,1504,472
1767,677301033169788928,1117,355
1768,677269281705472000,1799,637
1769,677228873407442944,3216,1469
1770,677187300187611136,2487,815
1771,676975532580409345,2532,953
1772,676957860086095872,2030,721
1773,676949632774234114,1190,350
1774,676948236477857792,1965,780
1775,676946864479084545,1581,328
1776,676942428000112642,1881,668
1777,676936541936185344,11645,4440
1778,676916996760600576,2701,1622
1779,676897532954456065,2055,650
1780,676864501615042560,1904,630
1781,676821958043033607,20771,13834
1782,676819651066732545,1658,602
1783,676811746707918848,1311,381
1784,676776431406465024,4536,1805
1785,676617503762681856,2618,857
1786,676613908052996102,988,178
1787,676606785097199616,1724,388
1788,676603393314578432,1040,342
1789,676593408224403456,4144,1897
1790,676590572941893632,839,110
1791,676588346097852417,2088,701
1792,676582956622721024,1084,252
1793,676575501977128964,2338,993
1794,676533798876651520,1704,490
1795,676496375194980353,1378,472
1796,676470639084101634,10613,4191
1797,676440007570247681,1568,593
1798,676430933382295552,1268,304
1799,676263575653122048,1897,485
1800,676237365392908289,1093,251
1801,676219687039057920,71062,27852
1802,676215927814406144,1575,518
1803,676191832485810177,2058,922
1804,676146341966438401,1756,593
1805,676121918416756736,1970,1030
1806,676101918813499392,2586,1053
1807,676098748976615425,2685,1255
1808,676089483918516224,1183,393
1809,675898130735476737,1448,507
1810,675891555769696257,1927,767
1811,675888385639251968,2124,843
1812,675878199931371520,3785,1242
1813,675870721063669760,1472,501
1814,675853064436391936,2432,1140
1815,675849018447167488,867,123
1816,675845657354215424,2051,781
1817,675822767435051008,1383,477
1818,675820929667219457,960,208
1819,675798442703122432,9335,3057
1820,675781562965868544,1457,420
1821,675740360753160193,1063,297
1822,675710890956750848,1694,723
1823,675707330206547968,1786,602
1824,675706639471788032,583,86
1825,675534494439489536,1665,365
1826,675531475945709568,1071,333
1827,675522403582218240,944,248
1828,675517828909424640,1151,409
1829,675501075957489664,15589,5236
1830,675497103322386432,2828,1139
1831,675489971617296384,1154,529
1832,675483430902214656,1668,858
1833,675432746517426176,1364,504
1834,675372240448454658,1532,458
1835,675362609739206656,943,196
1836,675354435921575936,29542,14936
1837,675349384339542016,3536,2005
1838,675334060156301312,2488,1137
1839,675166823650848770,3179,1389
1840,675153376133427200,5608,2268
1841,675149409102012420,3354,1504
1842,675147105808306176,842,200
1843,675146535592706048,1058,257
1844,675145476954566656,1919,786
1845,675135153782571009,1167,414
1846,675113801096802304,1742,691
1847,675111688094527488,869,213
1848,675109292475830276,2524,1000
1849,675047298674663426,930,276
1850,675015141583413248,2427,1048
1851,675006312288268288,877,202
1852,675003128568291329,1395,406
1853,674999807681908736,1998,958
1854,674805413498527744,766,320
1855,674800520222154752,2710,754
1856,674793399141146624,2230,955
1857,674790488185167872,988,219
1858,674788554665512960,720,182
1859,674781762103414784,1811,1052
1860,674774481756377088,993,415
1861,674767892831932416,1636,693
1862,674764817387900928,700,201
1863,674754018082705410,1228,384
1864,674752233200820224,1312,402
1865,674743008475090944,1261,469
1866,674742531037511680,432,45
1867,674739953134403584,970,328
1868,674737130913071104,582,81
1869,674690135443775488,1027,413
1870,674670581682434048,1451,570
1871,674664755118911488,813,206
1872,674646392044941312,1284,430
1873,674644256330530816,933,243
1874,674638615994089473,1521,515
1875,674632714662858753,1346,503
1876,674606911342424069,842,87
1877,674468880899788800,5584,1791
1878,674447403907457024,957,315
1879,674436901579923456,987,346
1880,674422304705744896,1286,468
1881,674416750885273600,611,117
1882,674410619106390016,1069,404
1883,674394782723014656,1336,491
1884,674372068062928900,767,280
1885,674330906434379776,506,67
1886,674318007229923329,1258,454
1887,674307341513269249,10167,6061
1888,674291837063053312,13218,5163
1889,674271431610523648,1397,646
1890,674269164442398721,824,204
1891,674265582246694913,1463,735
1892,674262580978937856,1180,385
1893,674255168825880576,1307,469
1894,674082852460433408,683,144
1895,674075285688614912,891,246
1896,674063288070742018,5746,1916
1897,674053186244734976,2958,1133
1898,674051556661161984,1295,432
1899,674045139690631169,1266,567
1900,674042553264685056,637,111
1901,674038233588723717,983,370
1902,674036086168010753,759,181
1903,674024893172875264,1588,1088
1904,674019345211760640,1018,266
1905,674014384960745472,1390,563
1906,674008982932058114,1085,305
1907,673956914389192708,1753,843
1908,673919437611909120,1060,328
1909,673906403526995968,2853,1440
1910,673887867907739649,845,223
1911,673716320723169284,2791,672
1912,673715861853720576,3168,1819
1913,673711475735838725,942,266
1914,673709992831262724,756,236
1915,673708611235921920,954,257
1916,673707060090052608,989,346
1917,673705679337693185,1125,359
1918,673700254269775872,1282,502
1919,673697980713705472,3520,1702
1920,673689733134946305,1548,574
1921,673688752737402881,1128,440
1922,673686845050527744,1277,377
1923,673680198160809984,1229,418
1924,673662677122719744,1130,329
1925,673656262056419329,651,201
1926,673636718965334016,997,314
1927,673612854080196609,1429,632
1928,673583129559498752,1070,317
1929,673580926094458881,738,240
1930,673576835670777856,1236,489
1931,673363615379013632,931,268
1932,673359818736984064,1289,594
1933,673355879178194945,1347,498
1934,673352124999274496,1497,477
1935,673350198937153538,686,185
1936,673345638550134785,2236,1108
1937,673343217010679808,861,236
1938,673342308415348736,1140,493
1939,673320132811366400,12002,6910
1940,673317986296586240,783,217
1941,673295268553605120,6745,2761
1942,673270968295534593,960,313
1943,673240798075449344,1281,619
1944,673213039743795200,1979,725
1945,673148804208660480,1494,551
1946,672997845381865473,1759,632
1947,672995267319328768,846,255
1948,672988786805112832,879,254
1949,672984142909456390,1120,471
1950,672980819271634944,1632,894
1951,672975131468300288,1500,786
1952,672970152493887488,841,307
1953,672968025906282496,1187,474
1954,672964561327235073,1263,558
1955,672902681409806336,1232,426
1956,672898206762672129,797,364
1957,672884426393653248,1372,733
1958,672877615439593473,910,306
1959,672834301050937345,1160,505
1960,672828477930868736,1110,420
1961,672640509974827008,875,274
1962,672622327801233409,1150,424
1963,672614745925664768,1090,512
1964,672609152938721280,971,338
1965,672604026190569472,974,339
1966,672594978741354496,1182,533
1967,672591762242805761,848,288
1968,672591271085670400,644,157
1969,672538107540070400,904,319
1970,672523490734551040,554,147
1971,672488522314567680,991,376
1972,672482722825261057,993,521
1973,672481316919734272,641,111
1974,672475084225949696,1297,610
1975,672466075045466113,1195,451
1976,672272411274932228,5738,2944
1977,672267570918129665,1318,540
1978,672264251789176834,1012,288
1979,672256522047614977,2522,1332
1980,672254177670729728,1276,654
1981,672248013293752320,1535,525
1982,672245253877968896,609,133
1983,672239279297454080,807,277
1984,672231046314901505,1625,877
1985,672222792075620352,703,176
1986,672205392827572224,1999,1012
1987,672169685991993344,908,320
1988,672160042234327040,767,304
1989,672139350159835138,1553,599
1990,672125275208069120,2121,995
1991,672095186491711488,880,328
1992,672082170312290304,841,320
1993,672068090318987265,1142,440
1994,671896809300709376,7641,3687
1995,671891728106971137,1178,486
1996,671882082306625538,3118,1215
1997,671879137494245376,1249,576
1998,671874878652489728,1109,480
1999,671866342182637568,1000,422
2000,671855973984772097,795,376
2001,671789708968640512,6334,3009
2002,671768281401958400,1052,435
2003,671763349865160704,1497,778
2004,671744970634719232,1212,667
2005,671743150407421952,676,202
2006,671735591348891648,1292,659
2007,671729906628341761,7514,3820
2008,671561002136281088,11411,6333
2009,671550332464455680,811,184
2010,671547767500775424,1206,499
2011,671544874165002241,1735,892
2012,671542985629241344,966,487
2013,671538301157904385,836,337
2014,671536543010570240,1036,345
2015,671533943490011136,901,497
2016,671528761649688577,741,219
2017,671520732782923777,1223,455
2018,671518598289059840,833,254
2019,671511350426865664,1428,607
2020,671504605491109889,6252,3137
2021,671497587707535361,828,392
2022,671488513339211776,886,415
2023,671486386088865792,512,173
2024,671485057807351808,679,198
2025,671390180817915904,1282,657
2026,671362598324076544,981,257
2027,671357843010908160,351,133
2028,671355857343524864,421,105
2029,671347597085433856,835,372
2030,671186162933985280,642,179
2031,671182547775299584,979,284
2032,671166507850801152,782,301
2033,671163268581498880,1461,970
2034,671159727754231808,313,69
2035,671154572044468225,626,186
2036,671151324042559489,589,129
2037,671147085991960577,586,192
2038,671141549288370177,1024,572
2039,671138694582165504,822,345
2040,671134062904504320,655,163
2041,671122204919246848,3094,2195
2042,671115716440031232,1218,675
2043,671109016219725825,1008,379
2044,670995969505435648,969,245
2045,670842764863651840,22108,7591
2046,670840546554966016,525,167
2047,670838202509447168,984,599
2048,670833812859932673,382,109
2049,670832455012716544,647,186
2050,670826280409919488,4880,3518
2051,670823764196741120,677,162
2052,670822709593571328,545,83
2053,670815497391357952,2794,1326
2054,670811965569282048,984,232
2055,670807719151067136,1050,429
2056,670804601705242624,1742,825
2057,670803562457407488,303,78
2058,670797304698376195,661,205
2059,670792680469889025,735,238
2060,670789397210615808,586,210
2061,670786190031921152,531,172
2062,670783437142401025,725,331
2063,670782429121134593,1355,662
2064,670780561024270336,704,250
2065,670778058496974848,298,62
2066,670764103623966721,959,372
2067,670755717859713024,393,89
2068,670733412878163972,851,448
2069,670727704916926465,738,314
2070,670717338665226240,1058,421
2071,670704688707301377,687,320
2072,670691627984359425,521,210
2073,670679630144274432,668,243
2074,670676092097810432,215,35
2075,670668383499735048,9479,4334
2076,670474236058800128,1342,634
2077,670468609693655041,317,77
2078,670465786746662913,856,470
2079,670452855871037440,490,175
2080,670449342516494336,1076,572
2081,670444955656130560,6065,1748
2082,670442337873600512,581,176
2083,670435821946826752,941,439
2084,670434127938719744,1259,563
2085,670433248821026816,296,100
2086,670428280563085312,1235,525
2087,670427002554466305,465,142
2088,670421925039075328,1149,554
2089,670420569653809152,542,265
2090,670417414769758208,501,282
2091,670411370698022913,1797,773
2092,670408998013820928,488,189
2093,670403879788544000,378,130
2094,670385711116361728,495,174
2095,670374371102445568,669,238
2096,670361874861563904,290,56
2097,670338931251150849,374,96
2098,670319130621435904,3474,1068
2099,670303360680108032,384,107
2100,670290420111441920,622,250
2101,670093938074779648,912,280
2102,670086499208155136,623,219
2103,670079681849372674,1957,1059
2104,670073503555706880,1388,681
2105,670069087419133954,555,205
2106,670061506722140161,670,291
2107,670055038660800512,592,280
2108,670046952931721218,576,153
2109,670040295598354432,662,97
2110,670037189829525505,527,240
2111,670003130994700288,296,77
2112,669993076832759809,288,70
2113,669972011175813120,396,134
2114,669970042633789440,272,43
2115,669942763794931712,445,134
2116,669926384437997569,340,82
2117,669923323644657664,202,50
2118,669753178989142016,711,342
2119,669749430875258880,229,55
2120,669684865554620416,449,75
2121,669683899023405056,338,94
2122,669682095984410625,312,116
2123,669680153564442624,588,245
2124,669661792646373376,715,369
2125,669625907762618368,3132,1577
2126,669603084620980224,848,317
2127,669597912108789760,448,134
2128,669583744538451968,1324,807
2129,669573570759163904,388,120
2130,669571471778410496,1410,887
2131,669567591774625800,202,45
2132,669564461267722241,337,105
2133,669393256313184256,312,62
2134,669375718304980992,1181,635
2135,669371483794317312,437,148
2136,669367896104181761,406,131
2137,669363888236994561,557,202
2138,669359674819481600,332,103
2139,669354382627049472,2397,1095
2140,669353438988365824,565,231
2141,669351434509529089,382,157
2142,669328503091937280,908,367
2143,669327207240699904,498,102
2144,669324657376567296,440,182
2145,669216679721873412,1060,348
2146,669214165781868544,386,135
2147,669203728096960512,892,409
2148,669037058363662336,575,266
2149,669015743032369152,651,325
2150,669006782128353280,511,209
2151,669000397445533696,18723,5537
2152,668994913074286592,391,191
2153,668992363537309700,660,294
2154,668989615043424256,596,288
2155,668988183816871936,801,391
2156,668986018524233728,479,140
2157,668981893510119424,485,259
2158,668979806671884288,706,293
2159,668975677807423489,1158,498
2160,668967877119254528,127,18
2161,668960084974809088,620,211
2162,668955713004314625,241,63
2163,668932921458302977,227,50
2164,668902994700836864,275,87
2165,668892474547511297,354,126
2166,668872652652679168,477,268
2167,668852170888998912,410,139
2168,668826086256599040,383,112
2169,668815180734689280,494,227
2170,668779399630725120,632,325
2171,668655139528511488,474,190
2172,668645506898350081,775,459
2173,668643542311546881,788,447
2174,668641109086707712,945,467
2175,668636665813057536,921,435
2176,668633411083464705,2472,1386
2177,668631377374486528,620,281
2178,668627278264475648,281,97
2179,668625577880875008,330,112
2180,668623201287675904,1250,655
2181,668620235289837568,181,35
2182,668614819948453888,544,271
2183,668587383441514497,1479,925
2184,668567822092664832,206,46
2185,668544745690562560,452,197
2186,668542336805281792,403,182
2187,668537837512433665,225,60
2188,668528771708952576,404,190
2189,668507509523615744,280,87
2190,668496999348633600,359,115
2191,668484198282485761,372,208
2192,668480044826800133,397,128
2193,668466899341221888,772,443
2194,668297328638447616,557,255
2195,668291999406125056,213,28
2196,668286279830867968,436,119
2197,668274247790391296,723,198
2198,668268907921326080,485,206
2199,668256321989451776,1154,518
2200,668248472370458624,843,408
2201,668237644992782336,5457,2434
2202,668226093875376128,247,84
2203,668221241640230912,452,169
2204,668204964695683073,489,172
2205,668190681446379520,577,170
2206,668171859951755264,425,161
2207,668154635664932864,440,272
2208,668142349051129856,511,239
2209,668113020489474048,587,208
2210,667937095915278337,1116,695
2211,667924896115245057,265,95
2212,667915453470232577,184,45
2213,667911425562669056,431,245
2214,667902449697558528,762,334
2215,667886921285246976,1651,909
2216,667885044254572545,731,401
2217,667878741721415682,349,101
2218,667873844930215936,553,339
2219,667866724293877760,2722,902
2220,667861340749471744,221,69
2221,667832474953625600,256,55
2222,667806454573760512,931,421
2223,667801013445750784,284,82
2224,667793409583771648,610,285
2225,667782464991965184,363,210
2226,667773195014021121,204,44
2227,667766675769573376,373,184
2228,667728196545200128,324,128
2229,667724302356258817,423,270
2230,667550904950915073,0,29
2231,667550882905632768,0,26
2232,667549055577362432,5118,1965
2233,667546741521195010,302,108
2234,667544320556335104,763,459
2235,667538891197542400,176,58
2236,667534815156183040,719,446
2237,667530908589760512,412,207
2238,667524857454854144,1508,970
2239,667517642048163840,332,166
2240,667509364010450944,6078,1867
2241,667502640335572993,485,195
2242,667495797102141441,458,232
2243,667491009379606528,459,190
2244,667470559035432960,225,85
2245,667455448082227200,171,53
2246,667453023279554560,279,74
2247,667443425659232256,683,490
2248,667437278097252352,396,200
2249,667435689202614272,267,77
2250,667405339315146752,412,197
2251,667393430834667520,168,50
2252,667369227918143488,328,145
2253,667211855547486208,425,210
2254,667200525029539841,546,228
2255,667192066997374976,333,86
2256,667188689915760640,643,334
2257,667182792070062081,12564,5290
2258,667177989038297088,166,48
2259,667176164155375616,527,389
2260,667174963120574464,218,70
2261,667171260800061440,186,72
2262,667165590075940865,2382,973
2263,667160273090932737,220,51
2264,667152164079423490,42349,14646
2265,667138269671505920,4023,1877
2266,667119796878725120,286,107
2267,667090893657276420,287,106
2268,667073648344346624,352,104
2269,667070482143944705,72,13
2270,667065535570550784,143,40
2271,667062181243039745,192,45
2272,667044094246576128,163,43
2273,667012601033924608,396,187
2274,666996132027977728,213,79
2275,666983947667116034,2248,847
2276,666837028449972224,702,474
2277,666835007768551424,185,66
2278,666826780179869698,221,79
2279,666817836334096384,444,212
2280,666804364988780544,206,79
2281,666786068205871104,658,411
2282,666781792255496192,327,169
2283,666776908487630848,305,150
2284,666739327293083650,208,60
2285,666701168228331520,371,182
2286,666691418707132416,161,42
2287,666649482315059201,995,527
2288,666644823164719104,208,70
2289,666454714377183233,448,182
2290,666447344410484738,90,19
2291,666437273139982337,106,40
2292,666435652385423360,139,42
2293,666430724426358785,278,160
2294,666428276349472768,139,67
2295,666421158376562688,273,92
2296,666418789513326592,108,39
2297,666411507551481857,372,262
2298,666407126856765440,93,30
2299,666396247373291520,147,69
2300,666373753744588802,163,73
2301,666362758909284353,651,471
2302,666353288456101888,179,58
2303,666345417576210432,246,125
2304,666337882303524864,168,79
2305,666293911632134144,427,291
2306,666287406224695296,123,57
2307,666273097616637952,152,68
2308,666268910803644416,100,38
2309,666104133288665088,12920,5497
2310,666102155909144576,66,11
2311,666099513787052032,134,53
2312,666094000022159362,143,63
2313,666082916733198337,93,37
2314,666073100786774016,274,132
2315,666071193221509120,127,51
2316,666063827256086533,400,181
2317,666058600524156928,99,47
2318,666057090499244032,249,112
2319,666055525042405380,367,196
2320,666051853826850816,1030,707
2321,666050758794694657,115,50
2322,666049248165822465,89,37
2323,666044226329800704,247,115
2324,666033412701032449,100,36
2325,666029285002620928,112,39
2326,666020888022790149,2293,424
